25410
43236
268824
26862
82009
142667
279616
283587
303019
77111
297589
43783
30275
323200
380112
267338
301859
372343
15548
332696
184518
29426
148886
368316
224131
193197
371217
189526
220270
235565
129943
58504
69092
220115
332370
24393
206881
123945
374814
131359
225803
288550
236940
107534
101868
191309
218443
349992
54212
212043
18591
138358
287154
390488
2498
214146
81580
138434
63282
81626
164517
28352
109370
327209
39997
249223
326716
42418
159229
300598
253047
93718
55103
44294
345735
271669
231630
67153
295223
139583
21983
179681
55758
360644
112842
219109
327327
239695
273710
59718
15776
27273
174377
272195
22139
250987
266213
215726
270935
52879
378831
220155
346433
95789
329506
304009
308384
85884
198742
37779
353246
181408
97656
380973
346580
106934
4159
253149
171738
265857
110534
273582
383860
75428
227658
153285
334017
125292
