0.7170805844356525
0.3469487862595653
-0.07857662577058959
-2.116318811861362
-1.3748660523401823
-0.7799121946071439
-0.6348746754327035
-1.557825474404473
2.2790741457239148
0.9787191655718899
1.3636869870548136
-0.9755648148021198
-1.6474416862804793
-0.846499437960632
0.01435534984481726
-0.08346209848220776
-0.6044416428613373
-0.22613248373603595
-0.9847956226145654
-0.5042878889310342
-0.3359736966193745
-0.5291797866829818
-1.0775369531783379
-1.995419851610184
-1.2307534766454902
-0.027844863983041167
-0.5913907682204443
1.9195951291964342
0.15960537525671387
2.3973442698479683
1.0390189118382034
-1.6727520237311178
-1.0758682943628377
1.333614128915855
-0.591156914301793
-1.420725529329037
0.590570813784075
0.11155490202612686
1.0022295681018807
-0.07360527612649874
-0.15896504365425346
-1.1916650441502796
1.8175679544126042
0.22873183948165118
1.0189783928126441
-1.3841953870775168
-2.271781124246068
2.6074214081054485
-0.8339339656897118
-1.2258480623195847
1.2045768437368765
0.11043711695069723
0.26859877762190576
-3.039798919091447
-0.042765984453335015
0.9300868698158598
-0.739893209548348
0.30533066477162024
-1.59169556971388
-0.07512417667690625
-0.04280327173196458
0.5119287915767828
0.1729437490041036
1.8218140134521368
-0.18823418578713777
-0.9083221309404307
-0.6673377715394765
2.363528153554123
-1.4230254040066754
0.6129908225509338
-0.47971328552879944
0.2143958630949419
0.07427496256882082
-1.4208582179656262
0.22928013667522054
0.6582495895314422
0.39312066162332177
1.7865296382551268
1.137851358046964
0.2165597846050291
0.6173961524256469
-1.0236994913674018
0.3139046227033797
-1.133180188997853
-0.6663793615629207
-1.658701655807832
0.5821769139990925
-1.151772154711445
1.8306882046578346
-2.519852126173755
-0.35432562625957026
0.4089320764828183
0.31673773148415624
-0.9469704032981552
-0.5177478367996236
-0.13071620118293098
-1.0318678196841493
-0.5886235741888196
-0.9897207274069262
-0.2829408613902002
0.38000364336258213
-0.3766584893684981
-0.13714673366428332
1.4351967530424072
0.20164839398475282
0.17751705415747634
-0.12489340889240448
0.05283306153944535
-1.618911506232016
-1.4395868356446198
1.8317073932860723
-1.316182634128908
-0.003955978690892524
-1.1829355707074396
1.0036784982992946
0.9350799900505229
2.4268406575210753
-0.2812968100389325
0.08612254700940913
-0.709707047842279
0.21510316451145362
0.8813716979469791
-0.5022788723747563
-0.5402619774987664
-0.3016995989239225
-0.23756615548172688
-0.07378178111646311
0.23347830290180477
0.5857409398377001
1.201830658331878
-0.2283175811584444
0.20533360507565518
0.7105392789486921
-1.0906976552999732
-0.15993170120536485
-0.8471682382593057
1.2034998903163319
-0.6294564610390255
-1.8361258646253085
-0.5254470615418153
-1.419206153793828
-2.0917985289701635
-0.5221805366252554
-0.4312442823220576
-1.183112196206936
0.5376654998461012
1.882718156755395
-1.008152362356272
-0.9062618291859477
0.25508772149915115
-2.456336303671342
-0.4629838224421859
1.5327214207168687
0.40728740888586756
-1.472376851797602
-1.117397849257023
-0.5627821252973018
-0.08855999606567613
-0.8543728452654601
1.2776725636639472
-0.7601075130134416
0.08251856309278355
-1.261476723837573
-0.3388080997216572
-1.927499434165819
-0.2758155535492024
-0.8914163874735841
0.3916877209148754
-0.7711075936433279
1.0555075389978075
3.663009845297807
0.7296673863473523
-1.08760442576896
-0.5613658000323157
0.05144135627304063
0.06946351966216933
0.493651594277244
-1.277484862588619
-0.7545720788198117
-0.8400251685304789
0.704197607426869
-0.613697782205346
-2.0831727316955533
0.7345629560787597
0.16650852720227854
0.19761180359438096
-0.7689881490551848
-0.6513686362758592
0.5266612693080104
-0.13691652746323027
0.22870393172026507
-0.10352581742706683
-0.4095958190813434
-0.6516632877190318
-0.2024032738539841
-1.4428219468958026
1.4239757975575345
0.30260958416768385
1.588774429120219
1.0756790484029741
-1.019581320975595
0.06997485919609321
-1.7888433094617369
0.8760551946223067
-1.1775706395025685
-0.6347130623060775
1.1986130909522228
-0.18303254109889006
0.7639401170497288
-0.3398206280358504
-0.2263122411111062
0.6800204675436287
0.9086839023581049
1.4410075645211047
-0.3723531212113514
0.8884518500661225
-0.929234722709829
1.5312822885879018
0.4465676594940655
-0.2870600893967473
-0.12199151628458872
1.991678093527216
0.03821219841964095
-0.7105231878520093
0.43434691741944054
-0.1458100867234002
-0.5574148877064156
-0.44141123123096754
-0.4950342684376996
1.0273157915723088
0.23907197196665325
0.5751794907529997
-0.3403307088842178
-0.29668975182562324
-0.4575481291310513
0.5698474285110587
-0.1808523666921963
-0.4545591678270309
-0.11676913164615238
1.36415721346685
1.2179411875226418
1.2533491574178997
0.22784402674391094
0.727991215250705
-0.6886480012677721
-1.1168215644735062
0.44108622631636335
-0.4341433974150344
0.013509964534426221
-0.6307305462321214
-0.7849376945624575
-1.0162863560988995
0.32557193343754537
-0.05842237793737946
0.1596232578977297
0.7767063090561429
1.6100354137538475
-1.5462036474180965
0.3815574112701662
-1.2037116870347537
1.2096902758501622
2.185482832032142
-0.7809883557598286
0.8767381143442057
-0.5117200919416736
0.277331852907518
-0.8730532853642584
0.9638791519008111
0.4933699451748317
-0.8563428933489473
0.7248767559560526
2.4476501975097205
-0.18050195612846112
0.10819560881929367
-0.36006731583346785
0.1989500055236045
-0.40292618172627614
0.6388040611164352
0.05789411406759129
-0.3682697170148419
0.39489712576992236
0.5211243168449077
-1.4411377269024617
1.2801259973828865
-1.0691562184923242
1.3981634613069744
0.3776055534219334
1.028595680367193
0.6176840378097654
-1.9883668862017037
-1.2627271796619295
-0.6316944799778392
-1.1450353385239933
1.2749223882481733
-0.7772899278863531
-1.0055524487784582
-0.23679075972922412
0.5954521601105413
-0.7622708642376927
1.1921819192835463
-1.0939459661691693
0.7098123870973413
-1.4653168739341857
-1.747351508939383
0.8692452041863241
0.7559302701952345
0.8876972360850096
0.7594317133311155
0.003384300093926369
-0.8922623192313144
0.4973275883658567
-0.3086236604282704
0.1085026764771909
0.2567718659123505
-1.7879041479937936
0.4604473346600463
-0.0626587938443945
-0.2785640615493846
0.6195647157806363
1.7138272110442083
0.20885382242943218
-0.1597048038171081
1.1839321964832081
0.6075728714750978
-0.5091259553087224
0.20713976370873505
-0.8977007765484482
-0.06516170308219305
-0.6250032140737706
0.9341254839126469
-1.3380357187037206
-0.036295168593422945
0.4977854081675781
1.137913886172641
0.542355523768381
-0.45563767049700443
1.3615631457925526
-0.15978047506165433
-1.5554011763406668
0.7057548127630202
-0.12000075014330047
0.13362875946490335
-0.3340396721364086
0.20208826441890737
-0.13348797065316992
-0.386679697638619
-1.0426731206480364
1.5863592399852757
1.1870889283194652
-1.5470212174241595
1.4071461916711472
-0.6183308143570291
-1.0800950287529665
-0.3810611936269109
1.3177293428959322
-0.25833048631533806
-1.127084271739502
1.203081699978743
0.9976325089534501
1.584285441061871
-0.5946113676077491
0.010983028809596179
-2.020152389084145
0.5934259274807796
-0.8244084372681633
-0.8813237129570872
-0.020656790658711437
-0.04026491580719148
1.2729851767440425
-0.5257672217162972
0.9593430849239328
-0.28868926185981775
-1.555091046853527
1.1336606003608796
0.5461229771869749
-1.7427715802733132
0.5104642241862235
0.31024509227350794
-0.6726419074121738
-0.2878006750826285
0.7283333413237968
0.49432426701306614
0.12891459983615122
-1.0817614949765046
0.1752790855703995
0.781496409422106
-0.903097524020237
0.5626687004683002
1.6467395380080454
-0.6457386233470818
0.39890577050894327
-0.3486647733412698
1.4395816106169002
0.5507358094941465
-1.6038762156056134
-0.21830857316851907
0.8990474167605115
0.16957509404584833
-0.5436549882730869
0.7007188425438353
0.515310998310834
0.2230304942472893
1.2131749805571252
0.5887338527233161
-0.5728327658909713
0.3321013351854442
1.1422883972542859
-0.9975511763958934
-0.44144637212939275
-0.8396979656821487
0.02472363356747572
-0.41308617480198645
-0.6591537669613466
1.082952911654746
0.8676725599160798
-0.5498889633054352
0.4555266243414065
0.9951169542056653
1.640515773909515
1.065247801279279
0.42070974511577164
-0.5938911418940723
0.47677667226662884
0.22501944873095286
-1.024434594733965
-1.8757523213813543
1.2045208779193888
0.9073173973804158
-0.7822503419690928
-1.7661824278401654
1.4495331081582814
-0.5088872528455288
0.7297642411037154
-0.5026635374800492
0.26371224487988953
1.2699008929502795
-0.4641453128978989
-0.46612424894245447
-1.1135666255762786
0.40611521113898363
-0.05669878017793714
-1.4690648832043272
-0.33368265328574265
-0.5507768134539233
-0.19205361898875753
-0.4537527804357007
1.7406414648802475
-0.9912633339884729
0.5684212277830656
0.7409596028147846
-1.1151972550360123
-0.0291372717691382
0.4877254254298842
0.2868106384031249
-0.2513640687487725
1.5143835573554223
-1.1186442401890693
0.7459528166213326
-0.7543455589304698
1.5317766350148412
0.8602110026359094
-0.5839427229302642
0.2167075371060826
-0.29326599149698784
-0.7429918162161592
-0.11462598851254255
0.036710014720748675
0.2043581923384376
-1.3263793859466613
0.45108578116337994
0.7865135918572858
-1.4630496026560869
1.213371049736968
-0.567759939479242
-0.765448147392724
-1.6589297116725599
0.19643597028718066
0.8438087421183824
-1.7179834231661595
0.44986439299126
-0.9080669981960089
-0.1398000595196806
-1.1816467260663832
1.2545921846066201
-0.3978878777748685
-0.16327679897548733
0.2489365986564552
0.7937423913301186
0.5018949322341513
-0.3541373670519584
-0.06092047762748171
0.44540170923376937
0.3358147114371004
0.29969831672072134
2.462166428134944
-1.0774878523151543
0.9751510924949125
0.04981089073173871
-1.432093128759566
1.3676321515699907
-1.231563996529475
-0.7810498801459549
-0.9094660576477663
-0.07981302850008155
1.3477662989803745
0.9161268593916212
0.9095747854938943
-1.0210506744716057
0.39825279858851326
-0.9294878709241029
-0.34960215661213895
-0.2797417371927491
-1.1076166453316925
-0.7090463519611034
-0.22294767301393417
0.6434066228994639
0.7495571203506488
-0.16010774224026927
0.8187547008196046
0.5263024348074651
0.46297432083669565
0.5355269502959042
0.004730193077490976
0.37179964657683084
0.6112540157980992
-0.07256201123332592
-0.6458284628046725
-1.2552949717154944
0.6849918480936698
0.045426931677679486
-0.25910490650069884
2.012915879325861
-0.44401936221794747
1.4066718750823912
0.26060459421347876
0.2904700434480593
-0.2647983459216744
-0.7350054022643225
-0.3424010468916555
-2.0171319423994585
1.2250997145922975
1.5493251335665241
-0.276281564443435
-1.214125998753518
-0.18806391425800292
-0.46571146355304993
0.5607865782210436
0.4643001609221403
-0.5597908996974593
1.9131636398037346
-1.7103877908885166
-0.7184273011061847
0.5116417892990206
0.7442148088664283
0.17671454955654253
0.39940172441306004
-1.214978119560637
-1.1997212324575033
2.1002477086354014
-0.3106350044782937
-0.7420286071663181
1.1477875629447192
1.0464499084483638
-2.867810356978464
1.5826313067665625
-0.9452290912070472
1.36843206202951
-0.06039734970893059
0.6175870499207787
-2.1185252858369648
-0.2679167284277293
-1.0427074975916357
0.9133547536580874
1.3756335166842217
1.3562626197416117
0.47245428349227203
-1.1216815559198492
-1.0640785786364435
0.3922971738772684
-0.9055284839116361
0.7086912226602233
0.6166676891318208
-0.14201759211098916
0.5579819830830514
1.0212278987612393
0.28416036940439293
-0.21719329773883875
-0.06185109120535001
-0.5939780597649685
0.40042661461505424
-0.853269979679311
-0.5888866837332515
-0.6498714966929339
1.077700115311728
0.7366377501767105
-1.0435396498516756
-0.24889781464872834
0.3740842835474727
-1.5182505218344728
-0.16953215113880082
2.7966268746054785
0.9302027062782993
0.659971669838864
-0.2198938510905851
-0.8910062593783665
0.6799411399849673
-1.7688973922297075
1.8761129378100698
-1.8205991012756066
-0.42970120069406437
1.2441775985533199
1.105744107325708
-0.8403585247364942
1.9034107889889496
-0.3552698462682585
-0.15090356524207188
1.9775945106695207
-2.009920202635191
-0.74407151390789
-1.0813172171634307
-1.0697663374668878
-0.4398582628833487
-0.8745650615775424
0.7389970768414588
1.7331255402760408
0.10850895935561214
1.0153274970057387
-1.0138742659706603
0.4302761678876627
-2.6977563112356857
-1.0120464094271897
2.479096983399725
0.4077720521780128
-0.47918403552775524
0.6568975289942827
0.6359196920535254
0.7982652049471802
-0.7270549225077041
-0.5472408610989825
0.37786928599640834
-2.4363346097463556
-1.119296646225116
-1.3847861391917218
-0.7502178199993503
-1.1645341857231717
-1.6751094337211205
0.4193052117984502
-1.097495319300821
0.24381152898307384
0.6081752341267826
0.6778963399226008
-0.7224128127341415
0.877749777079052
0.7093283196026026
0.7513545545098415
0.7618028448532596
-0.25563692201160637
0.6136018545270486
-0.012484329438947695
-1.303386853577488
0.5022422479680004
0.24467769919472812
-0.35141551346427724
0.4550274098966427
0.33191565816616964
-0.9635510207642253
0.3632983946764563
-0.8907879378442001
1.120068723240587
-0.5457255354845052
-0.4732811253315488
-0.0004069926578659387
-0.6709606260720504
2.9176165629412107
0.7906872512412468
1.6586722126521243
-1.0466667116434776
1.2271529765606481
1.111700932605824
-0.19157638721624137
-1.5347341443832077
0.7618157825506342
-1.3467178195677987
0.8467522689381171
-1.0582824332043255
-1.6226258447299724
-0.4302976417164812
-0.029639612972935703
0.03069375722351564
0.25666062354242164
0.33567655506346117
0.9653904032303906
-0.8197548989021812
-0.9586512183354899
-1.3266212262988084
0.6842334547247998
1.1984834118656549
-0.43183859314049516
-0.43801790060008494
-1.2662271534508156
0.6458836940740261
-0.45763376444503817
-1.2304212146069216
-1.038888170969222
-1.1888558510018317
-0.3838622512231095
0.06493986756243583
-0.7376923385379648
0.5371746761943099
-0.07731041768428729
0.055276448898052
-0.23523951710408458
0.5615319301864968
-0.2674214971254256
0.7090779997861286
-0.1220912529776792
0.7190898247992676
-1.2391494286513578
0.35210675194059604
-0.502898089820903
-0.7591348617194256
0.818530531980142
-2.021308892462969
-0.1870456579713787
0.22695688067062372
-1.956767959419396
0.5699820552427156
1.2641774492774367
-0.6167592141131312
0.24144202493206224
0.8203329646779413
-1.3667917509237348
2.075471051654514
-0.39065845297126756
0.7747215323912219
-1.1850158414020884
-0.8336562004830123
1.521931289531192
-0.8167709119906814
0.4114675536234835
0.22094091314166386
-1.2262684633132908
0.6960555541881931
-1.2282394023170309
0.7022836317842082
-0.8690421486744594
-1.7366967013886425
0.3641002602557242
-0.14211171909759734
1.7352318287559114
1.1737864323402745
0.753496018442246
2.0281223673003663
0.32664694038314845
0.07753583366757703
-0.44331544849105003
2.2513863373224265
-0.8383432764656482
-0.9009354612289203
0.7655236894723548
-1.9699517333465353
-2.027355336094297
-0.6753401890739926
-0.24951348639530868
0.8246696848835464
1.0804038923309855
-1.2716762664175663
1.6168429342281019
0.3027420222987809
0.31080654759439197
-1.1837659305144914
-0.4591209064238385
-1.4506558749231178
-0.8290026972979488
-0.38040933343843697
-1.385290632432277
0.4927064049432366
0.21128093534687578
-0.1124202652625211
-0.9134799427786052
-0.3341613842337871
0.20252995464419984
-0.19512469046452052
1.5554291517743322
1.6026607256709238
0.3867814438590745
0.09620029675328268
1.2304360859406278
0.8894989801541093
-2.0836865454283324
-0.51348250343134
-2.035057653141802
0.6358135032040643
-0.33938232051986555
1.1367782694191466
0.1910882128021723
-0.026259561989946327
-1.5729065029336364
-0.7746075896817352
1.0622086185398139
1.78192427925474
-1.9881392919239087
0.4918342836546939
-0.4752415091256373
0.847548596515956
-0.8823465082798401
0.8039992792589487
0.9035061320012023
-1.1436856705503984
-1.2529350653614633
-0.4496319048517713
-0.33951461416783735
0.9626786680931473
0.7656096962786502
1.08556758474465
-0.1339138975790751
-0.8375849941592869
-0.155938003098929
-0.8589145948486581
-1.8874403434762237
1.2051388036452797
0.05801165288364846
-1.8491855491104754
-0.44009828976586346
0.8752469393555248
0.28042223803571126
1.9719146042207187
0.44365293920851395
1.9746853327103633
0.5376827491729667
-0.5857578079323208
0.7281459545019843
0.31555755026066373
-0.39051156520225594
-0.6261274858391582
0.23201764956020052
0.10623505539920411
0.8999283176746109
0.11443901679919212
-1.0131258019161649
-0.2536373844623687
1.3146562752395667
0.49191770749505054
-1.528799021660974
0.9554070610477235
1.6425786751678049
-0.2382330626484393
-0.6117892870729161
2.1799212334768603
1.3916499429150215
1.00596624982435
-1.8463658859146759
1.086560531297092
-0.3972558518310654
0.6685370888578136
-1.124308722803297
1.7900147723086812
1.2043531346923055
-0.07699168798960473
-0.2914810530385615
1.6193602685038044
0.3869606022011346
-0.8215422139052466
-0.21841621893869842
-0.060807700741180554
0.060713603276386176
0.47643124230504186
0.032503219366354634
-0.1865850075722462
0.3287125896364629
0.6315548115689843
1.7005510912856403
-0.25606654057328726
-1.0761190677602288
0.4495751708939529
0.21581145591350223
-0.4792214296634994
-0.037139649128955836
0.013031854869066304
0.9646294295633832
0.03310590121201603
0.641225816605838
0.9264105601272893
-0.6001615412630459
0.15673362164374957
1.0461256066519298
0.039809183434349235
0.1379197648812946
1.2407755019584739
-0.6147431542127357
1.8780421424015366
-0.11120894841862104
1.2011002189029574
-0.41515337611080644
-0.04521016934742294
0.36449806266609686
0.8298053074213169
-0.10926052216937225
0.645709127009633
-0.34820091723465135
1.2489709380225251
-0.8550610918932666
-0.3423504493241797
-1.2030564819274954
-2.936766114217043
0.6803089906640553
0.013474042964101969
0.45763381846277873
0.7352571485357935
1.0543858931893628
-1.2525204098599574
0.05070900898155327
3.1737837668204745
0.20751894711412988
-0.5207722321226211
-0.6391681193595192
0.48678687795995795
-0.24087399252021632
1.6707852443140359
0.7801131839524931
-0.28058581690956547
2.0210591320556057
0.35674603140210637
-0.2827246150311479
1.2002095505646078
0.42813399221141896
-0.3473471376824465
1.0611592339661955
0.9827023011664905
-0.15156250802970178
0.6537602398275104
0.24931638659204705
1.6951371670972317
-0.25812908241055976
-1.4394985112375436
-0.8080485062220168
0.45772244469897316
0.21882026652628925
0.16610386147326336
-0.5204029963960843
1.8789389438340338
-0.38759896454898185
1.448651098513164
-0.25684322194335246
-0.2714480518986892
-1.0380235549743784
-2.151207185815962
0.8735184391289011
-2.069109409860335
0.42151265405691174
0.4421308290587647
0.05021352349916832
0.5400449399940914
-0.9244664194215901
-0.7936641315572683
0.14918888474592987
0.2762303299712414
0.7570063265493061
0.2877838018936953
0.3099834504040196
-0.44137840056520694
0.23266846066987934
2.1551517989781543
0.8744824528157747
-1.443095965602361
0.8308705816185517
0.2957652159216844
0.015411170667636203
0.6240133190566484
0.19965735008031144
-0.7093193002969556
0.12458119932499498
-0.2384530925417422
0.10808598405592268
1.5884965241942728
-0.9618445843069368
-0.06454326027516442
-0.18167971240426573
-0.6507257670621809
-0.0331237645274631
0.8523213238874471
0.6571252388466614
-0.6055626685284032
-1.4373533605796276
0.26641759375999213
-0.7657900511552209
-1.193595244457496
-0.025476795437325506
-0.47204740372908527
1.3762744339481718
-0.06711063012331035
0.07946045432016306
-1.5329035915874265
-1.080575542806325
-0.059813608810357126
1.5629682358429597
-0.7045407129375338
0.39816576432152057
1.851990071031753
0.45740419710613966
1.5711523291572596
1.0323818553526973
1.0240328346050593
-0.3147186845729493
1.6699158276533936
-0.23386105307054153
0.5392089575642052
0.5283418698402811
-0.9098751067340386
-0.5402516585728854
-1.1973012057073675
2.866492695218036
0.970578884393976
0.9277266591087006
0.13541276402917968
-0.5583643691376455
-1.0386421075010892
-1.0225374996750554
-1.6882462098876565
0.5740294095189148
0.14699213964219976
1.2284749424065888
-0.11671589299956152
0.3003999300805486
-1.7195474044068546
-0.28391951599180676
0.9637851599877496
-1.1400634347923055
0.773372788978234
1.8125590939531473
1.129950542939432
0.1976426459748266
0.6899077782246925
0.39366338721399896
-0.24059624090490053
1.2895535449947657
0.4636757806189928
0.029983658870449806
-3.0642483183348053
-0.43832306922208436
1.4184240082974058
-1.1341165122989367
0.05194576966048177
-0.7001346950011706
-0.9038462601171119
0.7756056570026879
-1.166059171409781
0.06734462227642672
-1.5699304502060683
0.5706225171450202
2.187315465424497
-0.4647268705425915
0.022869791852907995
-0.4548617466345718
-2.6168405045443763
-0.12040344065408377
0.3833537081399263
-0.07171668142761056
0.33391745361519765
-0.31517421709674615
2.011166136872247
-0.3299503626003805
-0.480210533972646
0.4482262588245159
-0.2826078197184524
-0.3044808322587966
-0.4629551326419215
-0.33865590639481785
-1.55085305964238
2.02047097408807
0.6230964037843268
-1.8798957558783131
0.5055767328389018
0.9656718285417192
1.7543989045241652
-0.7367446277630892
1.8765747746826824
1.1175509349729305
-1.2227956865460805
1.9976842298431554
0.17116615873972119
-0.300106900684029
0.1977605273597783
1.2103933144789638
2.776354886491722
0.49240861769030375
-0.387919366465191
1.5154886319255034
0.40463130018346344
-3.134556389060222
1.197330026198162
1.3494110124539007
-1.069978377534176
-0.4472834729917347
1.8628182785455059
-0.5927904361318195
0.17045825762298367
1.3745122925031756
0.77430608526142
1.0041091821835342
-1.3835643849188113
0.24054552337093427
-0.4314637048811729
0.20966907255331776
-0.15855371735431065
1.0206382242277159
-1.1779839824566518
0.5803422374584204
-0.8156091740280729
-1.1055867202740972
1.3936785696818192
0.44089395795092096
1.7628293673943969
-0.8498626236186105
0.916612708526096
-0.6448172484393679
-0.14579681164291847
0.3721432524702591
-1.660487051288281
0.08780327630941406
0.3725927023536124
-0.3676086673540242
0.7509803482666488
0.2635153441520642
1.1194234891456085
-0.6554090572746235
-1.0988682802480096
-0.4640767754298454
0.31480526084112614
0.24561326036183315
0.9606450753616387
1.5461281151225073
0.06683656231054795
0.8596238400597066
0.2057030502228142
0.9116956137590563
0.3643379337524409
-2.1840872176269497
-0.36743289225627046
-0.7351568460041432
-0.3016078889209617
0.18964634741821387
0.05086691503878577
0.8171523227132209
-1.0964374097288847
0.1607133608405835
-0.14508755825571823
-1.6283140641884386
-0.7545808285673499
-0.8014322086108547
-1.339049520323403
-0.5454379625135125
0.18524281888768754
-1.2011892828850945
0.5662159808654612
0.7376444691298221
0.2736427333657091
-0.583587559689842
-1.5376736129196904
-0.6814498639409785
0.04793698439299716
-0.17152289419416297
-2.2390881283791755
0.6807312518903492
-0.0073907705821996475
1.6061305103486319
1.3502658018073075
-1.852249659862488
1.0423227086145899
-1.317075608067327
-0.16183529099314461
-0.48814730220737
0.9622164829288411
0.6262436259337127
0.05413965519677966
-0.35290377458360556
-0.011791271140483424
0.03838397901769477
0.9174686416476902
0.7806083458469445
0.3299627522014042
-0.10323633953652193
-1.2611883533922459
-0.10451910031301052
0.6588084811489053
-1.340284510916546
0.14239360978048402
-0.4651070141081988
-0.19691292712242592
-2.490726063456057
-0.6675215221300574
-0.15426815153884463
0.1636987830568139
-0.11053473297389978
-0.6538218565151771
-0.10076693822306057
0.2336335532016163
-0.9690541148854458
-0.3327736958845205
-0.43553747045939656
-0.1047222625735298
-0.8441125096527452
-1.940024796350806
1.382386109462328
0.9450929186250159
-1.0277080098185498
-0.044690093674369054
-0.7480885428500033
0.14305116682582733
0.5842924464490356
0.4107495964489541
0.21145109663187836
-1.445610376871027
-2.0951733750249604
-0.3370230566939321
-0.02884239365723364
-0.12377606929594098
-1.463227810945232
-0.7121400275195962
-0.2030380856220226
-0.19282460150606748
-1.7729069938758193
-0.9895557016492702
1.2670576611712283
-1.4402749252965652
-0.22245285676112922
-0.3452084624385972
0.9066957203324879
-0.7078471286598206
-1.1261831511659444
-2.231789033621145
-1.16542477924174
1.1835231630491898
-0.5977723452753547
2.0592626845326323
0.6850766467430677
0.6323580198375897
-0.3826001431383908
0.0056602777283069955
0.10423086247983403
-0.09097907711350782
-0.14773760951806394
0.7552199946712529
1.3527017332416316
-1.8899693036433194
-2.401943386958168
-0.6271955154848882
1.3281662843494182
-0.40616995305895803
0.7006532305686709
0.3605413814131129
-0.273613683023652
-1.2222943937446766
-1.380615678349811
-0.5844250647142213
-1.1425340118356997
0.4091106720738852
-0.28533103437134477
-1.9847382779894869
0.6267246995699245
-0.4587787193329763
2.32558248193668
0.25583958218816844
0.40481532331446407
0.49773950682674045
-1.799897554829673
-0.7752764480199271
0.12780687315068254
-0.906325208557047
0.39140729390962775
-0.3001701376698805
1.5947810533522002
0.40131419409299574
1.5486215173412936
-1.073260495298833
0.5560838832648135
1.179606274797703
0.7078391381102007
-0.5180946303958688
0.03140074203015578
0.6281694437698456
-0.03785690307369935
0.21620198351746184
0.13379650504153234
0.15813272659044372
-0.29092404267411537
1.406388516531486
-0.12228840997267856
1.1948169860409479
-0.335048652954268
-2.0183270820494936
0.816860995177516
0.08872659391811555
0.8024772666251254
-1.5519621797875742
1.2227684385020585
-1.5040390905170224
0.8405878113702546
-1.7516323320232097
-0.2116668835631591
-1.444016011711431
-0.1314495908450356
0.9026802699877658
-0.9045867051383233
0.19030811054916655
0.22377621760864688
-0.7396895032085766
0.06058141964144595
0.3463498899802583
-0.7074308311198936
1.404722744418665
0.31057790051630024
1.52585025132046
0.2625552343225913
1.6179080005400832
2.149295374796375
0.3239648583572605
-0.05586611855316307
-0.5414786678140205
-0.1236353963226024
-1.13150187430588
0.6154153284322668
1.2267293884606691
-1.4742635477784944
0.45649897360483815
-0.1860999752898797
0.6420743022971346
0.5729343073599263
-0.5001767642083972
-0.784416391690158
0.14102102684176201
-0.6520664134109977
-0.1779427785558063
-0.38838157093354875
-0.07606991431274997
0.853339756195713
1.541715365554048
-0.4923548099928447
-0.30900199404360057
0.8844264211936064
0.5383918147796543
-0.39119856113277673
1.2474974803719954
0.198460956399387
0.4473316280526212
-0.6197836056373605
-0.3729289029382664
-1.128930854199166
1.435128402867701
0.2619251979362787
-0.10921716221038208
-0.47624675780645315
-0.798828737412392
1.3564469671561088
0.20284985812585543
0.31809214338682773
0.0624669469075291
-0.4451587361347559
-1.3420223813481693
-0.3326778329764267
-0.949234357439534
0.7242776441086021
0.4041150554225871
-1.2025187222825617
2.5435728289785287
-0.7414972938095996
-1.0757209276278212
0.5653192209155155
-0.610891517418799
-0.1252672412249167
2.026232481299953
-1.251374096026821
-0.8963980307481074
-1.2675180840694555
-0.4815432433250899
-0.5317530802951652
1.4019597262963113
0.586617071578026
-0.18078416032387284
0.8937186771973519
0.45108692905564485
-0.22716363306704435
0.1617831142351786
-0.5383729100590466
1.2671596077422396
-0.587703255589552
-0.1544879088677906
-2.0580926329970866
1.0014294137681246
-0.4714238854280562
0.242639358012172
0.10289651584958769
0.19817594886891415
-0.6386249432129237
-0.16420113147111834
-1.8445234875631924
-1.0305017223382684
-0.33947428561689225
0.20494624586018975
-0.6180051570031095
-0.842364371710852
1.5981562467247716
-1.2276771459743794
-1.2775498201851676
2.068282218206897
1.2365523293550102
-1.0802123963785837
-1.2483513538344246
0.7291536714999715
-0.8637012355650776
0.45547731572432426
-0.9206876588782513
0.910494720879438
0.4234073571700406
-0.13696696188331448
0.642796308691059
0.3260147234450852
1.6488158151067862
0.8862037075179404
-0.1652634288596004
0.2778173359728128
1.07760811981699
-0.9080191143588514
0.32941370734575953
0.4550526496284003
-0.19880792672842867
0.5046313030049489
-1.3439891555348311
-1.832261327953365
-0.40694116053160273
0.4391059279736774
0.8968508694319388
1.050891705142867
0.5257752039098842
-1.4061190497094378
-0.330107621847703
0.2517770813125115
-0.8675105417333958
-0.21069449363963788
0.3474585359653774
-1.4194847428358366
1.659997717230786
0.48106287742926596
0.1742613063591177
-0.7325260294367486
-0.1607060485187237
1.5936324145056537
-1.0516492553245578
-1.8350242511045392
0.6795498521517892
-0.020188809303629148
0.260932305224801
1.8296800348427327
-1.9172369865877494
-0.6067613906525591
-1.2747259246605673
1.1725352016864445
0.16511778819303635
-1.3016907420802806
-1.2503163030488305
0.8657877206209638
-0.26304581060908266
-0.9528112873913672
-1.5434057823600253
0.7851548044598912
0.35547146083212977
0.3510608339764424
-0.1593609146003975
0.25906843063870477
-2.4722231636703977
1.7988082026984225
-1.359423921297219
-0.35944782272585846
-0.43403179732174163
-0.09689638314766759
0.9104259418084826
0.32685076590837764
0.5628159835329095
-0.3434167199901612
-0.5616988923464344
1.0163348347670462
-0.11346558804228375
0.23035306156567872
1.2830249281239012
0.02794633026441583
0.7513828138640112
-0.624408657710891
0.8093735372426817
-1.3704208607390247
-0.16154710246061074
0.0075680102619726025
0.21115472368880034
-1.1070851322890198
-1.5709880122989228
0.28898402595437667
-0.4773540736631989
-1.3891291053482202
0.6286509101982987
-1.5605642698756592
0.01998753740468525
0.5099023984788404
-1.5986958936945768
-1.8206151277833047
-0.6169482654356786
-0.2116943240352991
1.042105823430479
1.1416836667003154
-0.6756133417289794
-1.2110800869437701
0.24974703801282147
0.08675707765367173
0.4707993582152434
-0.9497489793003869
-0.5549834205388092
0.41978103049686
1.1755050448675477
0.8917401332364313
-0.2857364709206332
-1.2399058834155359
2.290301708229656
-0.05487866814870298
0.9664224811480341
0.6702785055782138
0.8725416015758481
-0.11158332706071597
1.5809171154792658
-0.007937042765129238
-0.9983272361163219
0.8243337293513752
-0.36846439144079346
1.1072319431448463
0.9152844148816022
-0.3680631634723062
-0.5345444867000897
-1.112522288820251
0.15192911637229015
0.21819794411651122
0.2737737432452463
0.6843566097559717
-0.037420611837072563
0.6059060493801819
1.3599892110575187
-0.12694546358072048
-0.3421771973837201
0.9391207787733299
1.116980033730102
-2.3478435856896174
0.294038031779499
-0.1824634538870522
-0.31966141200049836
0.9712028185315214
-0.43025232882338293
-0.48442869559761526
-0.14575927238639133
0.48678762564269507
-0.4640140279356283
0.5740689550551437
-0.9166416159571208
0.9936701399797467
0.47042930422612256
-0.09840780500787101
0.7384770227699011
-0.5331089570501492
-0.6478607690390309
-0.7221315611037146
0.8200282335009748
-1.4542753051193633
-0.2908821149609378
-0.7003939905108295
-0.7327488015579172
2.9947086114527792
0.7801647909504893
-0.41400181087352345
0.21189710259008032
-0.04054585660902444
-0.6888740362756345
-0.28427563652745896
-0.12367894372392557
-0.6851242355415046
-0.8692332989118072
-1.3302899528756988
-0.2862983403416904
0.2988982095359525
-1.8585350095853579
-0.37212144953560206
-1.3441982440205036
0.0394003836829875
-1.1434319277478526
1.3455785838084944
-0.8235814307600179
0.43854194571222266
0.13152168319477328
-0.6978102352741007
0.8578420266085308
0.9480330586862329
-0.5783802269925166
0.817828185008637
-1.5756608534447762
-0.2420842051706549
-1.32192142710549
-0.17303380562974216
-0.7876458230878215
0.6205745018894601
0.4350909898607467
-1.0345590888583205
-0.9908797710453778
-0.45981742494813505
-0.1639202132834233
-0.06781815635434471
0.6258237154147264
0.12082332718855761
-1.7397971560202823
0.8538476713703109
0.01489030475381883
1.7450343449790988
0.37425519935738794
0.9755797952965479
-0.9652744372422812
-0.4211422110726425
-0.44700615118454756
1.4971115219284121
1.652029663821605
0.07221590989926058
0.5317030973939559
0.23410963302258178
-0.1700767933715114
0.514739760424841
0.4951579735784526
-0.2057029019928625
-0.12516676218981615
-0.8570279326079301
1.766322424608498
1.0912799954228296
0.8889564278891063
-1.190864312297943
-1.4843130006661305
0.16868178091499303
-0.7372989475851277
-0.00197426980321653
-1.1855171908827702
-0.3925882569452677
-0.6051996527252387
1.527371168560143
0.531362432094585
0.18288252168053734
2.0130811871948975
-0.634499748800949
-0.5343572884533023
-0.018234175243851198
-1.0862729394500101
-1.1104263159445393
0.8610999116257703
-1.7572423874213599
-0.43980360059774937
1.9697267207311016
0.8326447996798486
0.08506533232581522
0.3055550758404163
-0.5627032494860419
0.590537757196819
1.6089376359118615
1.2938485380597449
0.42870818102502567
-0.9263964820296747
0.5671172269952814
1.302239081223822
-1.6872003701254634
0.054768185222239765
-0.052033358481900785
0.34306384004679724
0.2980710608168651
0.3079083426299092
0.14009822709230846
-0.16979731736729264
-1.0047741626402966
0.019511581378197203
0.8813999396771378
1.7673175550239113
0.7801568703904894
0.06628792551440704
0.7449142885462564
0.17357256230452295
-0.3062628536181217
0.026395147474593136
0.30211868669101133
-0.24736169294637575
0.9013533463800377
-0.6563899342974369
0.07029191538584481
1.2983002258819767
0.8329873137147162
-0.4541017358295133
-0.93060374720518
-0.7019273412898026
1.4973974387579947
-0.7981463730981802
-0.43182530403738356
0.7458729831225304
0.08698079128622449
-1.2185394158378926
-1.2934847536052214
-1.6834154885158807
0.8584097393813878
-0.9727215471161359
-0.6269663671782614
-0.7072913338558551
-0.7034680609970897
-0.7898113534427318
0.710574789073758
0.8320392598864417
-0.22365258335360233
-0.47683632766542744
-1.2614364888233345
0.3740960224261826
-1.6146047016346052
-0.1272512577937903
0.7208452636136535
-1.2952222203661838
0.1755691300681328
1.5066490003939232
-0.051432435362900236
-0.08281214479114993
0.20765690033562173
0.3056456422478903
0.2506595185832598
1.2519627493583836
1.1777320514483942
-2.3049029085830983
-0.25368420477545833
1.3938517375702846
-0.11717397029413863
0.1319822848867092
0.032048641775747615
0.8736799240610735
0.11941526036808521
0.49830242839754874
-1.4015369953273407
-0.20145737997373384
-0.7030194579114966
-1.606287469554998
-0.2440878170568662
0.43236241435799583
-1.1533637375139663
-1.0945830430780719
-0.5611217211324422
-0.03809807763357322
0.1680119974764575
0.35596398972155047
-1.7386693928959496
-1.3824160028807682
-0.772524635074951
0.45794704656189283
0.15245167206701735
0.41101353735215845
-0.31195189004816176
0.2290364843131168
-0.8703971373377472
0.7974315467144009
0.15962511893923198
0.7458591988386278
1.2352423977720814
-0.9215818960502022
0.34258083062970657
1.576541335260912
1.056785570748711
0.04845423487426478
-0.24242283571644516
0.1982680132918287
0.8378435370051545
-1.0833829348617345
1.3415119212276723
0.4609183373693218
1.2971832033048085
-0.5701588455803185
-0.6843134336608209
-0.4430562973261525
-0.9808616293321097
-0.6107596777324281
-0.3916137641531844
-0.39129634691479365
-0.7186851250147974
-1.0567260988759
-1.2835278917263953
0.24161501568411076
-0.2932020634284617
-2.2489586133867094
-1.1476818999320306
0.42315694645488644
-0.2572463261156919
-0.8772760613023771
0.8922453725034049
-0.024660242482728183
0.7299358118372056
-0.1563078999172311
2.1219086204054327
0.0649450701278227
-0.2814421117319107
0.7222310403187105
1.0822515308195568
-1.2371248293469543
-0.8695411794309869
-1.056751808311421
0.26975566464283884
-0.17341697564626182
-1.381801078101264
-0.6846219247061124
1.1142307633546444
1.2774382433602258
1.908800913542001
-0.06063803533248413
0.6867329073042852
0.5627158946103724
0.16080011080611964
-0.7554684110540172
0.9299987759025761
0.16433950943518155
0.33490825396030244
0.6791204309048673
-1.7295657688063608
1.8439560462524045
-0.879234932728351
0.6783816103283304
0.40632588604441483
-0.8005391587518106
-2.6643537831737163
0.10616173860625061
0.8655236659051885
0.5060276930538624
0.17556555524986714
0.7585771114837571
-0.6815174017179674
0.707160063953442
-0.6092301133643863
2.393201255797571
1.3328134090401296
-1.2908432308631115
-0.3057712424295136
0.2585534019995881
0.4621622132692325
-0.6345026443967324
-1.0565377946705645
-0.04139480693829255
-0.6730301216388176
1.3123863668352265
1.5804008052397052
0.2051533432887449
0.5653188276911311
-1.784677878071354
-1.0721275814459694
-1.0670828352968373
-1.9870566233964733
-0.4782059025645517
-0.07607176379231943
-0.8016961776949614
0.9948415953240042
-1.0578226686099068
0.4363050882042417
-0.37059837315854494
-1.5783945894049043
0.15958666684576728
1.3928650074019855
0.773820801475317
-0.8432825815244448
1.3291821333316913
-0.17922316313675996
0.9270605184048945
0.03669399820789442
1.4543129338432932
-0.18944071623514058
-0.11187201502878119
-0.8361612701264153
-0.2446593980013007
0.48011546040961817
1.5424999927181915
-0.6458740488594783
-0.05524251885985098
-0.022044192305371118
0.9405887856622412
0.7680900212376965
-2.580443071069717
1.5010364749343226
-0.9105676683277211
1.8581665643815275
2.26977230089161
0.5067876405643557
-0.11043814757894077
-0.2686005792361038
1.2828618999689785
-0.8829292683104916
-1.0382756990015276
0.0647933751380876
-0.8758638608074861
-0.5866378596334659
-0.12203657794022948
-0.7290342192444615
-1.2786142151567492
-2.1803610733356744
-0.4537982439870425
0.059565259831028915
-0.20095076558529376
0.5210359710885706
-0.7436914391279605
0.4369324044749139
0.19944523747283777
0.04514941377874647
0.4506877786881491
0.3393758878131906
-0.7772563695981264
-0.03624335471617371
0.6992184824535047
-0.7062962543437216
0.5367584512531421
-0.28659826151651097
2.1148572038837097
0.371335413695701
0.3039950301091087
-0.037368858556788204
-0.45402194098008086
-1.2053820768173502
-0.15599544934394574
-0.8145594962929326
0.6258007709189289
-0.6326177623955359
-1.274021381640867
0.14233933359048548
0.6770612856826083
0.27033320637848085
1.4028599234799146
1.1568555358647366
-1.8800451737604396
0.654507054057087
-2.3106505830994797
-0.7225583315553017
0.11927986147916116
-1.3192139909348926
1.8978746973859646
-1.0863608301594416
-0.9348605651208891
-0.9310412016759306
2.2663396862121767
0.16480714451647638
-0.07291527393142956
-1.5548379150950473
0.12459624150303374
0.7915045784591422
0.209269323939423
0.10398441744355341
-1.1656972983803944
0.07750737965186819
-0.10118797166281951
0.2471381189446785
-0.10497817056359143
-0.35605599059619625
-0.9669789739887457
-1.4367087736065234
0.14516654139859872
0.3627374711371955
-0.22640708657554376
0.7104271808621758
-0.06643679512496678
-1.4992635519878021
0.173963675274802
0.7331661595062384
0.16164860211544294
-0.47037422254980243
-1.0702717144741571
-1.3285843908896862
-0.1105719632338657
-0.753644869388449
-0.6371398271698536
0.8943701054393226
1.352256932279153
0.6918682643611148
-0.7133593434892859
2.2415109308154735
-0.4142934967555307
-0.8491195966407894
-0.331582694866371
-0.2854248950792981
1.2539393529601255
1.3516651170142375
-0.7323401543103416
0.7682910889014686
0.9175055818069695
0.37371265781963536
0.8230572337835197
1.6745444636970432
0.7398886978167405
2.0663272803038937
-1.4667393473817056
-0.11293794351091632
-0.9560101751338411
1.5169668335021462
-0.9746627636818832
-0.7760794284768617
0.4484212270942646
-0.8806359954181424
1.4814929982435847
-0.13893425591093578
0.4041269383061115
0.7052008884014669
-0.5351217502076092
1.4944920262361654
0.7314756530457317
0.8579060830709364
-1.7636242798636497
1.5766571102037328
-0.7541612777758594
0.2949870345526985
0.013000601585574135
0.11441895810382634
-1.2772201331765571
-1.1269590813851236
0.23814783790110608
-0.6069544699221203
1.7205092747375779
-0.1324095317227319
-0.2622594584289361
0.12371417758239342
-0.2705604714874189
0.2029537123550469
1.0991957267048025
-0.6713067942189592
-0.6530525491497112
-0.42186873856748563
0.8624553914279287
1.6283274117722204
-0.1923685514554724
-0.6518637569847641
-0.1762713504328375
-1.241506204978888
1.0211142615706623
0.21026767826948625
-1.0626163984863068
-0.12892472235383817
1.822301328588971
-0.040715163498133325
0.3359259530175389
1.65989988198854
-0.8222975074597989
-0.8684982930649492
0.6594672832647794
-0.4857726601467456
1.15455489477299
1.0885316720214055
0.7309044698459924
1.6599302379640972
1.2662348507530243
1.2030966785266766
2.157068893102673
1.2163460221110585
0.22426990719461562
-1.9456114259165198
1.0066059193148302
-0.7679260019188127
0.8963828171250897
-0.6831815597717354
0.08503727500892144
-0.747983531713819
-0.358899215149948
0.7937581685249908
1.2621683788923936
-0.61006919950782
-1.4750682048814847
0.429837333708146
-0.21005781969755177
-0.9885988602782663
-0.9119388261128735
1.3219471448239775
0.9837003125558036
-0.2786482455875246
-0.7306746089573423
-0.854329997169399
-0.26757554929608246
0.3693517690326976
0.17203484486863566
1.0003458636046145
-0.23533065886628235
2.0095227959201676
1.130795159864207
1.3581802013008313
-2.129750479583148
0.19889933638063825
-0.2868075034873266
0.48681319523894523
-0.9267110988525691
-0.879371545546043
0.10945161059397862
0.9822566164978336
-0.7900004616299284
0.5431367487533866
1.7728118648671007
1.3670051919172381
1.5167177951671338
-0.043901844709310564
-1.298105861625015
0.5692303127590468
0.9017542436714998
0.9778375779117414
0.14944350754665314
-1.1133886229947731
2.0107275562093947
0.3924977665402302
-0.0035391826198213675
-0.2876569278400167
-0.9858610680388483
-0.7522092196667239
-0.6391322670715237
-2.006405429012655
-0.34770531819864137
0.5701417652621327
-0.468198633962257
1.646234875927633
-1.08738162659311
-0.08999279758993063
-0.341680961638275
-0.4656518579065995
-1.1828210562246286
0.4958015725311831
-0.09627040663134266
1.5506725052170132
1.7204081041760688
-0.6468305340839619
0.016624320586127377
-1.666095708408799
0.16762709270865384
0.126870229568814
1.830687430992052
0.7237532336759834
-0.42499820140336103
-0.795856591655849
-0.40685736113417625
-0.32266093477311425
-1.164308303191379
0.5021403604810553
-1.0351344073524962
-0.621866984425269
0.5707154417512995
-0.38661309495563284
0.6463125943115687
0.6903046244088015
0.39354607930058955
-0.21696498072694706
1.2183871582109507
-0.2170242267297125
0.029501307135732454
0.02592995925748725
0.5360166906961131
-0.040384992687679526
-0.020820101416600324
-0.5054087949221606
-0.4356270823687324
-0.6062547281435557
-0.40685513150554165
-1.262278839107413
0.16414372593740806
-0.9904609122760547
-0.8189058559154336
-1.2599351082102423
-0.5981100718810473
-0.639346526759624
2.105456044205547
0.2587294562497169
-1.8458725962065408
-0.5581719263516906
0.42586970392986767
1.1498634201194702
0.9819120475517905
0.021976260720508473
-1.4908295787494787
0.28560902127650883
0.19558710533396786
0.5952134381218697
-0.4021411406527844
-1.6390834877247227
0.5933158825242711
-0.24635900804642463
-0.6818737280353506
0.14290654828158308
0.637643829629941
0.41496935254455564
-0.1709223755294535
0.5819049179090491
-0.2616385882083648
0.5120095519864059
1.020832184788239
-0.0528112564792871
-1.2360792724196104
1.323109910494333
0.20449553660599842
0.3135190517908107
-1.572594189085663
-1.2856542053407836
-0.22585378996264502
0.19458568684925653
-1.370362311153534
1.7082623714677108
-0.23068422056325785
-1.5961680236999438
1.3318824733250951
0.08530110649001199
0.5027611381025859
-1.209649923019706
0.6489180199574105
0.9816282552357422
-0.9658955315911624
0.5011578016755863
-0.5612322837786698
-0.10260520421059918
0.5956806743190334
1.7598848140153307
0.0772300178632672
0.6628741021992023
-1.2570236392568435
-0.007047095062927953
0.4882300902858021
-0.43951672226739674
-0.5642451319540227
0.3447726961777015
0.22941523419704604
0.5117291142080638
-0.3523676215202347
0.1344190677815965
-2.234851825695067
0.7405129399445427
0.642194448251041
-0.0377749608713511
-0.3327354335416827
0.16223396307288698
-0.878680478131176
-0.15834853857106196
-0.6175393045200328
-0.0003781440356889402
0.07409170782571473
1.6608869016658552
1.1254975882544516
-0.45432474398579936
3.3774987251844166
1.8972024958808236
-0.05307787340753187
1.33311977978107
0.3151781526078162
0.40893265070278495
0.7512532700931559
1.3268104027513021
-0.1767876715067598
0.8068040444382654
0.5882083689110948
-1.5078669594379557
0.45919364266775387
-0.40378654056011265
-0.058553060655603485
1.412348857654808
-1.332623802635293
0.061926262549862776
-0.22894634884810966
1.5350803371487352
-1.7337513651968084
1.868113601410916
0.13929450483308606
0.39400177515614426
0.9246724630229255
-1.3519641821664563
0.7589324989005414
-1.3458878484483394
0.5260583574545056
2.337498117299856
-0.13983422271675033
-0.3174587525838023
0.23347566869889444
0.4398518634109444
-0.5186587393332515
0.2066718903004393
1.8193792672770661
-0.38061122076637843
-0.038303615477617785
1.888832883554281
1.195230506773241
-1.774381737763209
-0.5290286635795
0.353324621741894
1.3179212171293262
1.1162370136881161
-1.9343861003310225
0.11284050674735946
1.2607511890894583
0.015821388797292984
1.0461327268096252
0.9750296160770576
0.30344696204945887
0.237843554025738
0.7375891295620877
0.4489134255141447
0.6991061495198571
1.4264127866188012
0.4821409787304505
-0.27413304657488113
0.19969163243825913
-0.5078341017067086
0.059612112871843495
-0.5226470177239254
2.195224787054658
0.12630480785318512
1.5696546802966227
0.18004522897038172
-0.03729946870841862
-0.8465333123002808
1.2802138479786909
-2.222888599150712
-0.37599988428776454
0.6498765229293961
0.7850292069682243
-0.3782252918300443
0.7192069019947893
0.4618184339033984
-0.22183903148024414
-0.10976608220536804
0.3277397324873381
-0.07855358232298493
-0.09818360632887933
-0.06591613240342252
3.1074517239275488
-0.9362667149171345
-0.19565272114536514
0.0012083750260982
-0.36751856711735165
-1.5330756879536205
0.6341744733136356
0.3900583477627477
-0.9484472188418928
-1.4667810249527877
1.0057065474298825
-0.41625537257816236
-0.6584323866672606
-0.05149820487667804
0.9066756513581206
-0.3058971205574315
-0.07112950205552682
-0.7129599424700311
-0.62396048670376
0.01030521731741035
-0.5862343577910167
0.07581532292301454
0.43058120034447817
-0.05701527991508294
-1.4438366414973147
-1.0056999911154598
-0.3075810264053341
0.290444757578767
-1.3847099947662853
-0.46542053194639965
0.28756029287087065
0.24346579718751302
0.8819418010716679
0.7632718014910674
-0.5435857623631429
-0.2892503350138018
-0.873751396006312
0.07746956167544221
2.117663359945662
0.37075171601776796
-1.7636190945151806
1.7685747905927283
-0.2891002568306005
1.0257243900609976
0.707159143589414
1.0053200409699252
-0.987361794961165
0.07534280345508508
-0.1944680460343238
-0.4711196934504675
-0.022540075619904242
-0.5884386340368335
-1.9942326074825039
0.7867261761079837
0.8358355917546009
0.871333076966597
-0.6481484916546009
0.7545198726265947
0.12238406782527214
-1.4208022351637353
-2.777420806401509
-0.3760396216367824
1.3339631276619148
1.2074016229729374
-0.9284997649122229
-1.9628445712899951
0.2741459239752708
0.3042318124218022
0.3165905242434109
0.5546295210087423
2.0740259646456307
-0.3850691283127765
0.9302457886199655
-0.6010764080690569
-2.273847252142404
1.444345524683793
-0.00738802259892163
0.4796811577166095
0.9330239152977406
-0.3906430864668157
-0.15615111859924666
-1.0463052982285803
-0.08610026278614227
0.9548890423846658
1.1232698699525046
-0.9031552975536652
-0.5809286915025397
0.22492201469285725
0.8508383493747794
-1.866679471142453
-1.2809140978359246
-1.2136487117831087
0.825697422469193
0.6648212158278064
0.63929824605166
1.8401271545147584
-0.1222064677338312
-0.044279233115294664
-1.2393979340066672
-0.9453823872474627
-0.48602005839472584
0.35029385324789103
-0.7498079884593634
-1.0899813236469575
0.5980051041795248
0.7668056688742534
-0.2605414451446858
0.35574663031535425
-0.7475404749484623
2.5161558223720597
1.6154369700753433
0.7451975603641983
-2.018624327829911
-1.011525571740008
0.2011589823482596
0.48331210856415247
-0.8507576042903041
-0.631388113725705
0.4358800155761267
1.569189773779512
-0.7766475191901253
-0.11899161275625462
0.26321889810636984
-1.1411808833529296
-0.5821827523481805
0.9791697948177144
-2.498739179634177
0.8124959791457224
0.11878048454162633
0.4783963485686508
-0.5489356613526369
1.4958274431710445
-0.26013545862274584
0.43954793083215316
-1.2180853548496724
-0.5665115875762354
0.9569868098806442
1.3300131936705382
-1.0255201427439131
0.16813208827522988
-0.7229369636605669
-0.867774497848457
0.7791111139693491
0.11181338530863906
0.6867132279823168
-0.1768970217371722
0.9844598269458499
-0.5506665334291039
1.668063897520824
-0.8582185506173429
-0.3645045633949861
-0.6842996692838834
-1.7816856393580884
0.11213642569640857
0.026108669842263815
-0.6235007410491895
-1.6130072166742484
-0.31655662367136395
0.6122328405696734
-1.1795860398511644
0.46903424924836784
0.6016541924026225
-0.6970328836040386
-0.6814266976615156
-0.8071601788455001
-0.06920814066503336
-0.36156787156956227
0.8466347887780027
-1.490692739911832
-1.127152497676618
-0.7963429121036238
-0.8528253235823726
0.45286491551604613
-0.8750335004838439
1.8601822767176386
-0.015021008882006094
0.474930334679219
1.9834789334036218
-0.8540398635029798
-0.572070482092973
-0.43926987885582497
-1.6468220711943689
-0.5754270074497342
-0.36537839673467903
1.0640995619165246
0.07746336107090376
-1.0771092321906006
-0.45195220978855427
-0.4792256530926253
0.19953555175337956
-0.5942575736579992
2.0294864993865938
-0.8950683083834904
-0.0423619528033351
0.792816568193417
0.8131405623221754
0.1819485825160947
-0.31136095642963824
0.08832934709589348
-0.7143790283555433
0.6290316335756108
-1.5533527443048434
-1.20410890927731
-1.0431468794926988
1.4914802897524586
-0.2905787888871261
0.8957575831442689
-0.24108467989957863
-1.9649496945574991
-0.9595014874185998
-0.37991691275864403
0.4982511111659329
0.9299711494116786
-1.0637656903350616
0.8739784059747158
-1.1534190171349614
-0.4018961260454856
0.06070840233063913
1.7334033932980264
0.8863916474262589
-1.1398460851913217
1.3512164744375088
-0.7352692542036688
0.9777005849927394
-0.48073284826065105
0.7322835036887415
0.6905922377725889
-0.23781015101627886
-0.4948603920643666
1.3394677939339834
-0.7037597186302111
-2.340618420104867
0.4574544360142972
-1.7395858704324425
-1.722993314334187
-0.07510546589015321
-1.0214349901759294
0.11073296826489017
-0.3810297480845874
0.12826756724088642
-1.217432816067588
1.436020547591117
0.3738693315902934
-0.5054061632481228
-0.01020575633114498
-0.326969022809249
-1.62412823885431
1.5103293321428055
-0.5439743750704957
0.34298603348307033
-1.4822116619382737
0.7379882830879133
-0.8659614419735374
0.5684758751307489
1.0056538716821495
-0.47694472157252843
-1.5348630687204976
0.5448343198696683
-0.47054082579193035
0.28484358011651445
-1.838011453985175
-1.0272268030797969
0.6182028008383289
-1.0986228253563215
1.3928580550646397
-0.5605388243890297
-0.08565092619415075
-0.5273101956726024
-0.5490736574590879
0.6633943314680552
-0.7164964398350068
-1.451953055460934
1.2179130101064517
1.4916401840690598
1.472241382689096
0.15134177204032417
2.0442282220926185
0.5461017386594365
-2.6283659503203465
0.08299436535900227
0.6602359700248013
-1.2828304416767946
-1.748793736089049
1.9481628306066325
0.6133967917766924
-0.8607904792222288
-0.1647240032789667
-1.0100219229151333
0.15705126167700895
-0.6589838066982413
-0.5315215456470925
0.3122202789762336
-2.3912913643138234
2.8441162806612987
-0.15488736950959406
0.915079667639142
-1.4175711976170489
-0.8013339368076022
-0.3514022260110566
-1.1659200549317157
-1.686765685940002
0.09316410803436702
-1.1340366677065392
0.3007022881105469
-1.1711026538222216
0.497872049997127
-0.468147349594119
0.5906341093608035
0.3515959347922106
-0.644707311222031
2.0180740586737262
0.22293357425316018
0.5883673815860713
-1.0495040504170343
-2.0756157587127753
0.17045365942137336
1.7728575853574997
1.9942525547820487
0.9330353454716641
0.8065414002365932
0.4525932845306621
-0.07671343534431549
-0.22817590068530477
0.5674391347377188
1.317295724944335
-0.9136674863538722
0.2828550170755355
-0.28312219654952553
1.7330573468896513
1.781461106912305
-0.9260466131031908
0.7158151021481728
0.6960654213552802
-1.1889561927136558
-1.1567118628413502
0.3419801419200389
0.15947859482445936
-0.7571811098464989
0.5095523146442186
0.6196792610583288
0.564278404590291
1.3660791844289155
0.1302490380268789
0.8474391598292598
0.42778025399723607
0.9482327077111009
-0.3779761663951094
-1.4660701587131972
0.3031699797444733
0.6291345501430687
0.3009905807369409
0.9755900354071334
1.7096772079357756
-0.49462913488146615
0.9637345953632185
-0.9236725100527802
0.8294419017128999
0.2363761095488075
0.027945539235205916
-0.6245075156636333
-0.08606422671700228
0.16158277981255714
-1.0529886980450969
-0.004968875084913907
0.7463156433926572
-0.48816796053053885
-0.7868017181307119
-0.08130879666257988
1.5153845350882962
-1.189170187452721
-0.6543337406087132
-0.383547038678353
-2.0251237340939827
0.1417367574885393
0.9114738801319778
0.48849779606169097
-0.06423208570283179
1.660693323847227
0.6322310767768001
-1.7977278825396013
-1.0155154915909628
-0.08750488334210292
-0.7836618440638277
0.6256976034635542
1.3632282895509062
-0.40462669201274326
-0.8011210708908758
0.07445463446480481
-1.1938642742135372
2.3507630770765515
1.4795933577638227
-1.2420953391423335
0.6352462081439929
0.37618927676632835
-0.8839160772071242
-0.4115584979881394
0.23395371482192515
-1.2345680250527884
1.0653001110562428
1.1470442292432816
1.6529114858221252
-0.04588375636339933
-0.2867075462334812
1.435589459214185
0.3432583485386165
-1.554907438821311
-1.07617241605902
0.8352108112514393
0.42732311962303804
0.2806214622346193
-0.598802338940368
-0.7446430332010134
-1.842124271663658
1.415562804850315
0.8666458813370067
-0.23730822598293266
0.29406734622055714
1.2849753500410117
-0.10766532899014605
-0.531543201731716
0.2018668849250988
-0.867547346172744
0.3642131050289223
-0.0479240827739832
0.7517882721375553
0.14248347198915987
-0.05840724325468213
1.7327331457294546
-1.1526454435609061
0.4142006503073317
1.0768424342193312
0.8973991361872801
0.8482148210784842
0.13168243240483915
0.8541537399464657
0.21213637922208659
-0.49073786966484223
-0.9153615757243454
-0.5084366439643736
1.9595994766537175
-0.33495716792968616
0.3689334976877379
0.5340965901908198
-1.1365170101802893
1.2454506940133023
-1.745783574106055
0.7369474671117443
-0.23466452937004456
0.17059036129197466
1.3863622122195907
1.1011232292246673
-1.5823671321511523
-0.7242915578304856
1.1727508766197692
0.9721470372309045
0.04700459676196323
0.4579359353341117
-1.4565147227189714
-0.09359891812715795
1.5222745680900096
0.11228374475816626
2.1749517954083144
1.6308862910868502
-1.9492702310639207
-1.1518439565389569
0.8684188197658725
0.6747910549597465
-2.0595045522063886
-1.0750309252178214
-0.7339784899344859
0.27946870089018
1.0378039949462063
0.6030163710371157
-0.6253560967131641
0.13620930766292047
-0.760393873345238
0.4382514522046032
1.9997075977869558
0.5051343605646503
-0.7405009647682742
-0.05033044754380705
0.06403422648580012
0.20014417068417564
-0.5412745092441056
1.3386405572091382
2.6356693002303837
-0.3241459115415575
-0.15784132288246067
-1.3576900514535182
-0.22674803364181187
-0.09374977711451672
-0.8473021357770053
-1.1289953240459882
0.6049352472739706
-0.08492730722541413
-0.8627820899718998
1.4971135578637869
2.1769109142927494
1.645240651214862
-1.9669933633495547
1.0399427176129443
-0.9523179661469093
1.1251125237782063
-0.391163297602512
0.20168593324641293
-0.17805449921565975
2.4143192304920857
1.6440578602490072
-0.21863082898182537
-1.2850601934389771
1.8889238743566181
-0.29847359233865134
1.0958504219239236
1.399592258649639
-0.5741583834299082
-0.9106958209181863
0.0051577470545270294
-0.4304195774405441
-0.2914272984635757
0.9619979671405293
-0.40123505467198467
0.19650487800871616
-0.4767263299610631
0.7304975338469059
-1.712757768516017
-0.7890289712506289
0.7469670796182099
2.4008737283521744
-1.2614696125937903
-1.2901125575690409
0.2684360561020324
0.12668845687006014
1.3898934048808804
-1.0520989774156415
0.7125499151328395
0.46945664514620167
-0.9683913183143609
1.0316883754365462
0.5201448835381571
0.3068150896094504
-0.03978101536281322
0.08994863935587713
-0.03738990078691354
0.0004421502423139823
1.1638306885202572
-0.45780141643319633
0.16679130320205915
0.7910951703679424
1.916927636733195
0.4503825916627784
0.4850863645161606
0.588189165501498
-0.13710708155581516
0.35222695449808444
1.9079415727851707
-0.25292709402746094
-0.3339914065860268
-1.4458917290952105
0.33789573157847885
0.18746966843622695
-0.035314440852927925
-0.041233510538586364
-0.8357097832221452
-0.11786731006203474
-0.5160634880611987
-0.30891838820814466
-0.25606280566269657
-0.772785077125574
0.007793615898595973
-1.1880305521966443
1.018171148299824
0.4761496823032207
-0.8195974425310115
0.0723830307078537
1.0998220301178976
2.8233280297240366
-0.25990100263668336
-0.8356257450585333
-1.6650237508677814
-0.1434578420816418
1.227033073440944
0.4875782142666075
0.6673301475853406
-0.6391584108348201
1.2228756582931506
0.6617127207619489
0.7152412967983891
0.7464564427671976
1.3472840226958125
-0.4552895359829496
-0.6131931606605895
1.1335896248104842
1.0796234551172639
3.0225263089470915
0.2648987004582795
-0.35508759345826013
-0.07085312846110547
-0.5244158396912507
-1.8836592074145795
0.5415927510783404
1.3263272111311242
0.006110503579751316
-1.3329083622520168
-0.46417663576082
-0.8086879522048395
-1.0506358515388687
1.9964804317498692
0.32431389794381243
-0.04834928605085736
-1.536714035297815
-0.7997403248379572
-0.8074280355494162
0.9167421498418092
1.104238962580652
-0.28170824242879294
0.41013990237756814
0.16275331235073537
-0.7973593196108547
2.3146401912507337
-0.04789455769061752
-0.03668804948830444
1.5117609860435026
-0.16147736538141705
-1.0030171124714191
-1.9733103877412521
-0.16076579514132988
1.2338297011369548
0.13201453476717198
0.6450010681685063
0.6775137694124407
0.5546197323721296
-0.03559564874176018
0.3669123336863368
0.31736768005929145
0.15007940466730074
0.8427110258528154
-0.8289071482746065
0.6583484273068496
-1.089432342696516
-0.890691329954774
-1.8849241451434355
-1.08932492216136
0.6666825245144588
0.3832389488158843
-0.4959767641555035
-1.7258299345985215
-1.1807016836021647
0.04346059620659256
-1.8646490417811095
-1.6796345538045692
-0.9126276404903967
-0.45727925759709137
-3.1016095832327957
-1.1373460790820915
-0.9020066571574764
-0.4012147304794201
-0.05307150559374394
0.183671684536355
0.8603236436261327
0.3474854131362594
-0.30535045833916236
-1.1052203965779885
-0.6993483916210942
-0.7497013599170314
0.05675258271441149
1.2528842994694571
-1.01839531462937
-2.054451989489787
-0.7110601956182446
-1.6754052303510027
-0.04404619104777077
1.4206400946875735
-0.30039737978042735
-1.4500423716537842
-0.11446100350494186
0.8439112742553355
1.252801601924405
1.5790964662297036
-2.5196064172816905
-0.8375631320528696
1.6103883590654653
-1.3073520946651758
0.18470451722117764
-2.6531631039486125
1.521578472171792
-0.905573125910224
0.6079876702875621
1.235918586430049
0.5558218831118508
-0.20454728825077242
1.6414717329228854
-0.7838685578337872
0.25073147030637927
0.018113499768600785
-2.349701107219835
-0.02059431049475477
1.7076748978281158
1.6778502153215642
0.21065921948699845
-0.5969182382525933
-0.09426404515809263
0.2540020987319208
-1.534621158408776
1.543609183368591
0.7939010502148525
1.0756698681221026
0.6028245148299004
-0.727173239961466
0.15809688864642846
-0.5540014041370589
-1.0395086344351299
-0.4642944472965235
-0.6780393160942064
-1.6020002517183045
-0.5041208619219897
-1.815770851432478
0.3312527878682116
0.8133851105213555
0.756475403004601
0.6910822525249415
-0.8835395884390893
-0.9749707631973831
-0.6880243586620328
0.21873959376468677
-0.2322061062422379
-0.12850883160017068
0.5952298777762879
1.0426527783543957
1.6441560414306449
0.45131854895966433
1.7062145812120981
0.3490239511071208
-2.3588864277188324
0.9254766086773759
-1.2591791552454115
-0.1390127705559004
0.7843086911395869
-1.324078706731273
-1.1173899619794994
-0.4910634362782827
0.359059408096846
0.49842752982035804
0.07906268450082608
0.26207490877385187
-2.507525134625399
-0.6719386547770577
-0.09067736262736233
-1.0082953017998284
1.0685843127022638
0.51525326384929
-0.6484910219880036
1.638612558080777
0.2043285253166048
-0.8862470657900944
0.44441595619244945
0.4226745754284717
0.41561985634782067
-0.3448846022431175
0.975635941639005
1.3458554020217435
1.0020195570961603
1.1954482460174893
-0.5678242882579455
1.5211867259939909
0.7338404259842751
1.2084327837972473
-0.066190129377718
0.6866018642569331
0.8189956423694058
1.255798210537334
-1.082456984932554
0.6980681156089146
-0.6771613401632165
-1.4423170174810422
-1.1249101957676064
0.668311924275846
-1.5972742332922112
-0.11940947769244983
-0.47078005885344354
-0.7798562704780906
1.5714467821074742
0.19600170669261205
0.5363967360537149
-0.1348240731945441
-1.0514383999368428
-1.223218876697841
1.305106032575636
1.0371111630928336
1.7369470613843214
-0.0970238017293742
0.099042187683795
-1.0527101147429943
-0.645923198623928
0.6148321966662246
0.0009348400047859008
0.8735054943035951
-0.16268824703308465
-0.2031762553898894
-0.3430524069371779
1.9819981862493705
0.7146013020576659
0.5843232369985307
-0.5932962091997788
-1.0873196660325646
-0.8684017901104043
-0.5728417766222759
-0.7419824266095308
1.903842114951806
0.3638397692074976
0.8107050386279263
0.25660988493845766
0.25541596343858247
0.18371312871668885
-0.44801108865559763
-0.08492331614473829
-0.10616464852640306
-0.7293553062359841
0.8120905529602337
0.9185350584994072
0.25867235737215816
-0.01642337181157271
-0.06118613878145161
-0.5085932711364818
0.6556522359999712
0.24549570045040892
0.1963282550120651
-0.5545852677461376
2.115977711079185
2.7497169471154086
-0.6259073311941387
-1.2779481279255702
-0.8046644116702271
-0.8104784390231531
1.0583188898603642
-0.4204434397529557
1.1406919534022189
-0.3024090843258299
0.29128381341279136
-1.6936727428420972
0.20592732152247614
-0.23919100343115196
0.5712723927798147
1.2921517922092127
-1.657288122883551
1.4461082224245225
1.1564230629648946
-0.6473942797893529
0.8445780207937639
0.13893231328724395
2.1873823419074303
-0.004802504242438756
0.634404309123036
-0.7405845302452981
0.6046140258739345
0.2808924459102584
0.5255092326394426
-0.07542728256462371
0.2558278750631287
-2.3073156402672654
-0.7985048996270527
-0.9844164999951814
-0.22831303440195727
0.5874950635053616
0.15793313717886695
-0.399615963701452
-2.269195356964089
1.7088586741498184
0.9835049673273385
1.010081084501331
-1.7687855692457781
-0.5128730156208935
0.030122007460189712
0.11045282573304008
-0.8608678180528201
1.4753021455653559
1.4738806622254987
-1.0564730883288556
-0.22505061175300262
-1.022121705467724
