0.71487059672205
0.3235094006411482
0.22915129050271543
0.07417164659207465
0.6859354264761016
0.8453302166016163
0.4497612321800898
0.2451095894879689
0.8601597886125674
0.5843061985724347
0.2761935821743994
0.3420989201621888
0.07210745883867176
0.08493485058139993
0.2334184258454024
0.9718887317173561
0.7253837401597318
0.9732866111447368
0.6687175048677986
0.26928882687539224
0.6250385615995069
0.24444269574844912
0.8483576016797633
0.3304446618715826
0.5214126933327595
0.23476661958585932
0.3085033915216181
0.5664079915437438
0.3392344325519795
0.3050979911084166
0.05257180963111219
0.9924719943671786
0.023631091711441177
0.46568985885690006
0.7567129211328267
0.87163343106075
0.19112225099321623
0.7401526467717711
0.8547217103770857
0.46031787307826977
0.21178159194102764
0.9874902504464794
0.904740647870448
0.1717007746134851
0.5615535394104858
0.2669632409060182
0.2840485870264584
0.5158009806641829
0.44761772986223103
0.005328875034513847
0.3592826864476021
0.6756186673935142
0.6954637530133545
0.17415273219958716
0.5484708460063834
0.0981824214225564
0.5824398980221379
0.5051597368957315
0.2117775818475407
0.2236863011814062
0.07741850840616271
0.24135569327408457
0.32151711473163536
0.8028053178022678
0.033991197700750986
0.4275710535218885
0.586083460019953
0.9019857473619578
0.9720231925216634
0.38695559022032355
0.46378753338016654
0.2526901641043937
0.2999725446027498
0.5763036207562687
0.8661831420863569
0.2426463834412067
0.6302043766577954
0.35648108640622345
0.4412068051249821
0.2805943656041111
0.9404008249768092
0.46936172889452343
0.5973925124942102
0.32460859189906555
0.7279362432299596
0.4814239381900888
0.2384364711124909
0.38219502735972744
0.8894913276374902
0.04117034129979502
0.9595526193330033
0.9450476510006953
0.09715720940463479
0.15339046976653292
0.23806840354823733
0.546714796199304
0.9984753878089491
0.10392396773868662
0.6236937780831696
0.939435875604646
0.5584246353438663
0.48434556343488744
0.9997314616604475
0.6720001753988669
0.7818286452431858
0.5013140955314789
0.8752980817400193
0.2198342106358212
0.4886175849334199
0.4722190635179132
0.9090067083014233
0.6580250162372141
0.5580875228802414
0.4898415975556595
0.5100071527726526
0.312037580892924
0.855053410824832
0.6984057463692335
0.7607761365244212
0.059041523215097036
0.7634366224099176
0.1889365752832176
0.7971205136705741
0.41136357505341425
0.9433242209759141
0.24292235247233995
0.27695418025116025
0.939018243454504
0.9158103089126545
0.6662932297651624
0.6430833844592138
0.8443399689033279
0.5593843720856365
0.9802766680018328
0.9362758853001207
0.5514401933421635
0.6950722138113806
0.6694082069172651
0.602446105566731
0.2505852392132769
0.8688620964677843
0.41964554632033435
0.990183976900236
0.5953427236878938
0.5713352393792096
0.9586154282200614
0.8116482311802482
0.06464537776251067
0.8372325882139189
0.1915421138735759
0.10900640747524992
0.4859631473783218
0.49792765928424676
0.20848929778446723
0.5574669936795537
0.5115141596758509
0.42685584124985554
0.8604483755639092
0.4524868618086585
0.36396933268023757
0.18461509424376432
0.3007396716647621
0.7685955344866405
0.43232272828505613
0.0215414592962081
0.8230848584540554
0.8880194926530997
0.3943532264390266
0.11420775070601186
0.42113570494166286
0.7264097769565422
0.44851501435204266
0.6932756400380938
0.3209465173578758
0.8621100646636736
0.28599685710481704
0.0908804070110697
0.825369226830634
0.6872506280800561
0.04265038955763789
0.9900093148402223
0.07340426655157362
0.36428744690235093
0.765942599891715
0.4199158653448102
0.005686525438973966
0.724575713999318
0.7263787290895328
0.5310525475828871
0.4790485873247634
0.6918012472290004
0.7633823551004006
0.08370773336992898
0.06243539624300509
0.6719024041414123
0.7796026342735798
0.18079799100281924
0.9454222590134833
0.3457146091432475
0.19066837105197565
